0.132384
0.171355
0.220002
0.289637
0.36591
0.429092
0.46331
0.498421
0.515394
0.556093
0.5907
0.628462
0.694327
0.722484
0.757127
0.769231
0.767166
0.769846
0.771242
0.77755
0.779848
0.782726
0.792965
0.795735
0.797947
0.799848
0.799694
0.797117
0.799848
0.798925
0.793032
0.798766
0.798397
0.799551
0.800002
0.798299
0.799848
0.799232
0.799227
0.799573
0.799265
0.799705
0.798848
0.800002
0.794141
0.795655
0.799154
0.796976
0.799386
0.794962
0.799142
0.792984
0.796094
0.797346
0.79307
0.798704
0.799419
0.799848
0.799232
0.793906
0.797263
0.799848
0.796369
0.799848
0.795482
0.800002
0.799127
0.79954
0.794585
0.798943
0.794954
0.794233
0.796606
0.796384
0.79954
0.788929
0.797147
0.800002
0.79739
0.798133
0.800002
0.800002
0.800002
0.797289
0.797285
0.799078
0.798878
0.798287
0.800002
0.799573
0.798931
0.799848
0.799386
0.799694
0.79677
0.799694
0.79954
0.799419
0.79892
0.799551
